Version 0.9.7
5
 4 10 175 77 128 0 1
 5 80 400 206 81 2 2
 0 110 110 877 276 8 3
 1 213 390 206 81 140 4
 3 362 45 203 58 150 5
 0
12
 255 5 71 189 71 189 71 124 71 124 163 124 163 124 0 1 0 3
 255 5 176 124 176 124 176 124 176 358 176 358 176 358 0 3 0 3
 255 5 280 215 280 215 280 215 280 124 280 124 280 124 0 3 0 3
 0 5 228 459 228 459 202 459 202 459 202 371 202 371 0 4 0 3
 255 5 228 401 228 401 215 401 215 401 215 358 215 358 0 4 0 3
 0 5 189 371 189 371 189 371 189 137 189 137 189 137 0 3 0 3
 0 5 373 82 373 82 373 137 373 137 371 137 371 137 0 5 0 3
 65280 5 269 401 269 401 269 280 269 280 280 280 280 280 0 4 0 3
 65280 5 293 280 293 280 293 401 293 401 288 401 288 401 0 3 0 4
 65280 5 306 280 306 280 306 285 408 285 408 89 408 89 0 3 0 5
 0 5 358 371 358 371 357 371 357 280 358 280 358 280 0 3 0 3
 0 5 71 249 71 249 107 249 107 137 163 137 163 137 0 1 0 3
1
 7000 1 14 274 228 5 0 0 1484 3
